[savedsearches/dailyIndexGBTotal]
version = 6.0.3
modtime = 1402702981.240464000

[savedsearches/hourlyIndexGBTotal]
version = 6.0.3
modtime = 1402703114.730004000

[savedsearches/Yesterday%27s%20Volume]
version = 6.0.3
modtime = 1402704921.398916000

[views/license_dashboard]
version = 6.0.3
modtime = 1402704831.406784000
